8
1	2	1
1	9	128
2	1	1
2	3	128
2	10	1
3	2	128
3	4	1
3	11	1
4	3	1
4	5	1
4	12	128
5	4	1
5	6	128
5	13	1
6	5	128
6	7	1
6	14	1
7	6	1
7	8	1
7	15	128
8	7	1
8	16	1
9	1	128
9	10	1
9	17	1
10	2	1
10	9	1
10	11	128
10	18	128
11	3	1
11	10	128
11	12	1
11	19	128
12	4	128
12	11	1
12	13	128
12	20	1
13	5	1
13	12	128
13	14	1
13	21	128
14	6	1
14	13	1
14	15	128
14	22	128
15	7	128
15	14	128
15	16	1
15	23	1
16	8	1
16	15	1
16	24	128
17	9	1
17	18	128
17	25	1
18	10	128
18	17	128
18	19	1
18	26	1
19	11	128
19	18	1
19	20	128
19	27	1
20	12	1
20	19	128
20	21	128
20	28	1
21	13	128
21	20	128
21	22	1
21	29	1
22	14	128
22	21	1
22	23	128
22	30	1
23	15	1
23	22	128
23	24	1
23	31	128
24	16	128
24	23	1
24	32	1
25	17	1
25	26	1
25	33	128
26	18	1
26	25	1
26	27	128
26	34	128
27	19	1
27	26	128
27	28	1
27	35	128
28	20	1
28	27	1
28	29	128
28	36	128
29	21	1
29	28	128
29	30	128
29	37	1
30	22	1
30	29	128
30	31	1
30	38	128
31	23	128
31	30	1
31	32	1
31	39	128
32	24	1
32	31	1
32	40	128
33	25	128
33	34	1
33	41	1
34	26	128
34	33	1
34	35	128
34	42	1
35	27	128
35	34	128
35	36	1
35	43	1
36	28	128
36	35	1
36	37	128
36	44	1
37	29	1
37	36	128
37	38	128
37	45	1
38	30	128
38	37	128
38	39	1
38	46	1
39	31	128
39	38	1
39	40	1
39	47	128
40	32	128
40	39	1
40	48	1
41	33	1
41	42	128
41	49	1
42	34	1
42	41	128
42	43	1
42	50	128
43	35	1
43	42	1
43	44	128
43	51	128
44	36	1
44	43	128
44	45	128
44	52	1
45	37	1
45	44	128
45	46	1
45	53	128
46	38	1
46	45	1
46	47	128
46	54	128
47	39	128
47	46	128
47	48	1
47	55	1
48	40	1
48	47	1
48	56	128
49	41	1
49	50	1
49	57	128
50	42	128
50	49	1
50	51	128
50	58	1
51	43	128
51	50	128
51	52	1
51	59	1
52	44	1
52	51	1
52	53	128
52	60	128
53	45	128
53	52	128
53	54	1
53	61	1
54	46	128
54	53	1
54	55	128
54	62	1
55	47	1
55	54	128
55	56	1
55	63	128
56	48	128
56	55	1
56	64	1
57	49	128
57	58	1
58	50	1
58	57	1
58	59	128
59	51	1
59	58	128
59	60	1
60	52	128
60	59	1
60	61	1
61	53	1
61	60	1
61	62	128
62	54	1
62	61	128
62	63	1
63	55	128
63	62	1
63	64	1
64	56	1
64	63	1